1 3 5 6 7 8 9 10 11 12 0 16 5 6
1 1 2 2 2 2 2 2 2 2 2 2 0 0
0 0 0 0 0 0 0 0 0 0 0 0 0 0
4 3 4 4 4 4 4 4 4 4 4 0 0 0
0 0 0 0 0 0 0 0 0 0 0 0 0 0
0 0 0 0 0 0 0 0 0 0 0 0 0 0
0 0 0 0 0 0 0 0 0 0 0 0 0 0
0 0 0 0 0 0 0 0 0 0 0 0 0 0
0 0 0 0 0 0 0 0 0 0 0 0 0 0
0 0 0 0 0 0 0 0 0 0 0 0 0 0
0 0 0 0 0 0 0 0 0 0 0 0 0 0
0 0 0 0 0 0 0 0 0 0 0 0 0 0
13 13 13 13 14 13 13 13 13 13 13 13 0 0
0 0 0 0 0 0 0 0 0 0 0 0 0 0
14 14 14 14 15 14 14 14 14 14 14 14 0 0
14 14 14 14 14 14 14 14 14 0 14 14 0 0
0 0 0 0 0 0 0 0 0 0 0 0 0 0
